0 1 5 1
0 1 4 0
0 0 1 32
0 0 2 0
0 0 3 0
0 0 4 96
0 0 5 0
0 0 6 0
0 0 7 0
0 0 8 0
0 0 9 0
0 0 10 0
0 0 11 0
0 0 12 0
0 0 13 0
0 0 14 0
0 0 15 0
0 0 16 0
0 0 17 0
0 0 18 0
0 0 19 0
0 0 20 0
0 0 21 0
0 0 22 0
0 0 23 0
0 0 24 0
0 0 25 0
0 0 26 0
0 0 27 0
0 0 28 0
0 0 29 0
0 0 30 0
0 0 31 0
0 0 32 17
0 0 33 17
0 0 34 17
0 0 35 17
0 0 36 17
0 0 37 17
0 0 38 17
0 0 39 17
0 0 40 17
0 0 41 17
0 0 42 17
0 0 43 17
0 0 44 17
0 0 45 17
0 0 46 17
0 0 47 17
0 0 48 17
0 0 49 17
0 0 50 17
0 0 51 17
0 0 52 17
0 0 53 17
0 0 54 0
0 0 55 0
0 0 56 0
0 0 57 0
0 0 58 0
0 0 59 0
0 0 60 0
0 0 61 0
0 0 62 0
0 0 63 0
0 0 64 63
0 0 65 63
0 0 66 63
0 0 67 63
0 0 68 63
0 0 69 63
0 0 70 63
0 0 71 63
0 0 72 63
0 0 73 63
0 0 74 63
0 0 75 63
0 0 76 63
0 0 77 63
0 0 78 63
0 0 79 63
0 0 80 63
0 0 81 63
0 0 82 63
0 0 83 63
0 0 84 63
0 0 85 63
0 0 86 0
0 0 87 0
0 0 88 0
0 0 89 0
0 0 90 0
0 0 91 0
0 0 92 0
0 0 93 0
0 0 94 0
0 0 95 0
0 0 96 255
0 0 97 255
0 0 98 255
0 0 99 255
0 0 100 255
0 0 101 255
0 0 102 255
0 0 103 255
0 0 104 255
0 0 105 255
0 0 106 255
0 0 107 255
0 0 108 255
0 0 109 255
0 0 110 255
0 0 111 255
0 0 112 255
0 0 113 255
0 0 114 255
0 0 115 255
0 0 116 255
0 0 117 255
0 0 118 0
0 0 119 0
0 0 120 0
0 0 121 0
0 0 122 0
0 0 123 0
0 0 124 0
0 0 125 0
0 0 126 0
0 0 127 0
0 0 128 15
0 0 129 15
0 0 130 15
0 0 131 15
0 0 132 15
0 0 133 15
0 0 134 15
0 0 135 15
0 0 136 15
0 0 137 15
0 0 138 15
0 0 139 15
0 0 140 15
0 0 141 15
0 0 142 15
0 0 143 15
0 0 144 15
0 0 145 15
0 0 146 15
0 0 147 15
0 0 148 15
0 0 149 15
0 0 150 0
0 0 151 0
0 0 152 0
0 0 153 0
0 0 154 0
0 0 155 0
0 0 156 0
0 0 157 0
0 0 158 0
0 0 159 0
0 0 160 0
0 0 161 0
0 0 162 0
0 0 163 0
0 0 164 0
0 0 165 0
0 0 166 0
0 0 167 0
0 0 168 0
0 0 169 0
0 0 170 0
0 0 171 0
0 0 172 0
0 0 173 0
0 0 174 192
0 0 175 0
0 0 176 0
0 0 177 0
0 0 178 0
0 0 179 0
0 0 180 0
0 0 181 0
0 0 182 0
0 0 183 0
0 0 184 0
0 0 185 0
0 0 186 0
0 0 187 0
0 0 188 0
0 0 189 0
0 0 190 0
0 0 191 0
0 0 192 0
0 0 193 0
0 0 194 0
0 0 195 0
0 0 196 0
0 0 197 0
0 0 198 0
0 0 199 0
0 0 200 0
0 0 201 0
0 0 202 0
0 0 203 0
0 0 204 0
0 0 205 0
0 0 206 0
0 0 207 0
0 0 208 0
0 0 209 0
0 0 210 0
0 0 211 0
0 0 212 0
0 0 213 0
0 0 214 0
0 0 215 0
0 0 216 0
0 0 217 0
0 0 218 0
0 0 219 0
0 0 220 0
0 0 221 0
0 0 222 0
0 0 223 0
0 0 224 0
0 0 225 0
0 0 226 0
0 0 227 0
0 0 228 0
0 0 229 0
0 0 230 0
0 0 231 0
0 0 232 0
0 0 233 0
0 0 234 0
0 0 235 0
0 0 236 0
0 0 237 0
0 0 238 0
0 0 239 0
0 0 240 0
0 0 241 0
0 0 242 0
0 0 243 0
0 0 244 0
0 0 245 0
0 1 1 0
0 1 2 0
0 1 3 0
0 1 4 0
0 1 5 1
0 1 6 0
0 1 7 0
0 1 8 0
0 1 9 0
0 1 10 0
0 1 11 0
0 1 12 0
0 1 13 0
0 1 14 0
0 1 15 0
0 1 16 0
0 1 17 0
0 1 18 0
0 1 19 0
0 1 20 0
0 1 21 0
0 1 22 0
0 1 23 0
0 1 24 0
0 1 25 0
0 1 26 0
0 1 27 0
0 1 28 0
0 1 29 0
0 1 30 0
0 1 31 0
0 1 32 17
0 1 33 17
0 1 34 17
0 1 35 17
0 1 36 17
0 1 37 17
0 1 38 17
0 1 39 17
0 1 40 17
0 1 41 17
0 1 42 17
0 1 43 17
0 1 44 17
0 1 45 17
0 1 46 17
0 1 47 17
0 1 48 17
0 1 49 17
0 1 50 17
0 1 51 17
0 1 52 17
0 1 53 17
0 1 54 0
0 1 55 0
0 1 56 0
0 1 57 0
0 1 58 0
0 1 59 0
0 1 60 0
0 1 61 0
0 1 62 0
0 1 63 0
0 1 64 63
0 1 65 63
0 1 66 63
0 1 67 63
0 1 68 63
0 1 69 63
0 1 70 63
0 1 71 63
0 1 72 63
0 1 73 63
0 1 74 63
0 1 75 63
0 1 76 63
0 1 77 63
0 1 78 63
0 1 79 63
0 1 80 63
0 1 81 63
0 1 82 63
0 1 83 63
0 1 84 63
0 1 85 63
0 1 86 0
0 1 87 0
0 1 88 0
0 1 89 0
0 1 90 0
0 1 91 0
0 1 92 0
0 1 93 0
0 1 94 0
0 1 95 0
0 1 96 255
0 1 97 255
0 1 98 255
0 1 99 255
0 1 100 255
0 1 101 255
0 1 102 255
0 1 103 255
0 1 104 255
0 1 105 255
0 1 106 255
0 1 107 255
0 1 108 255
0 1 109 255
0 1 110 255
0 1 111 255
0 1 112 255
0 1 113 255
0 1 114 255
0 1 115 255
0 1 116 255
0 1 117 255
0 1 118 0
0 1 119 0
0 1 120 0
0 1 121 0
0 1 122 0
0 1 123 0
0 1 124 0
0 1 125 0
0 1 126 0
0 1 127 0
0 1 128 15
0 1 129 15
0 1 130 15
0 1 131 15
0 1 132 15
0 1 133 15
0 1 134 15
0 1 135 15
0 1 136 15
0 1 137 15
0 1 138 15
0 1 139 15
0 1 140 15
0 1 141 15
0 1 142 15
0 1 143 15
0 1 144 15
0 1 145 15
0 1 146 15
0 1 147 15
0 1 148 15
0 1 149 15
0 1 150 0
0 1 151 0
0 1 152 0
0 1 153 0
0 1 154 0
0 1 155 0
0 1 156 0
0 1 157 0
0 1 158 0
0 1 159 0
0 1 160 0
0 1 161 0
0 1 162 0
0 1 163 0
0 1 164 0
0 1 165 0
0 1 166 0
0 1 167 0
0 1 168 0
0 1 169 0
0 1 170 0
0 1 171 0
0 1 172 0
0 1 173 0
0 1 174 0
0 1 175 0
0 1 176 0
0 1 177 0
0 1 178 0
0 1 179 0
0 1 180 0
0 1 181 0
0 1 182 0
0 1 183 0
0 1 184 0
0 1 185 0
0 1 186 0
0 1 187 0
0 1 188 0
0 1 189 0
0 1 190 192
0 1 191 0
0 1 192 0
0 1 193 0
0 1 194 0
0 1 195 0
0 1 196 0
0 1 197 0
0 1 198 0
0 1 199 0
0 1 200 0
0 1 201 0
0 1 202 0
0 1 203 0
0 1 204 0
0 1 205 0
0 1 206 0
0 1 207 0
0 1 208 0
0 1 209 0
0 1 210 0
0 1 211 0
0 1 212 0
0 1 213 0
0 1 214 0
0 1 215 0
0 1 216 0
0 1 217 0
0 1 218 0
0 1 219 0
0 1 220 0
0 1 221 0
0 1 222 0
0 1 223 0
0 1 224 0
0 1 225 0
0 1 226 0
0 1 227 0
0 1 228 0
0 1 229 0
0 1 230 0
0 1 231 0
0 1 232 0
0 1 233 0
0 1 234 0
0 1 235 0
0 1 236 0
0 1 237 0
0 1 238 0
0 1 239 0
0 1 240 0
0 1 241 0
0 1 242 0
0 1 243 0
0 1 244 0
0 1 245 0
0 0 32 224
0 0 35 161
0 0 64 236
0 0 67 6
0 0 96 110
0 0 99 101
0 0 128 143
0 0 131 42
0 0 224 0
0 0 227 0
0 0 192 62
0 0 160 178
0 0 176 42
61 0 176 10
79 0 33 224
79 0 36 161
79 0 65 236
79 0 68 6
79 0 97 110
79 0 100 101
79 0 129 143
79 0 132 42
79 0 225 0
79 0 228 0
79 0 193 62
79 0 161 178
79 0 177 42
150 0 177 10
159 0 34 224
159 0 37 161
159 0 66 236
159 0 69 5
159 0 98 110
159 0 101 101
159 0 130 143
159 0 133 42
159 0 226 0
159 0 229 0
159 0 194 62
159 0 162 178
159 0 178 42
212 0 178 10
213 0 40 224
213 0 43 161
213 0 72 236
213 0 75 6
213 0 104 110
213 0 107 101
213 0 136 143
213 0 139 42
213 0 232 0
213 0 235 0
213 0 195 62
213 0 163 6
213 0 179 47
236 0 179 15
241 0 41 224
241 0 44 161
241 0 73 236
241 0 76 6
241 0 105 110
241 0 108 101
241 0 137 143
241 0 140 42
241 0 233 0
241 0 236 0
241 0 196 62
241 0 164 101
241 0 180 47
301 0 180 15
319 0 42 224
319 0 45 161
319 0 74 236
319 0 77 6
319 0 106 110
319 0 109 101
319 0 138 143
319 0 141 42
319 0 234 0
319 0 237 0
319 0 197 62
319 0 165 101
319 0 181 47
374 0 48 224
374 0 51 161
374 0 80 236
374 0 83 8
374 0 112 110
374 0 115 101
374 0 144 143
374 0 147 42
374 0 240 0
374 0 243 0
374 0 198 62
374 0 166 6
374 0 182 47
379 0 181 15
393 0 182 15
400 0 49 224
400 0 52 161
400 0 81 236
400 0 84 6
400 0 113 110
400 0 116 101
400 0 145 143
400 0 148 42
400 0 241 0
400 0 244 0
400 0 199 62
400 0 167 101
400 0 183 47
447 0 183 15
454 0 50 224
454 0 53 161
454 0 82 236
454 0 85 9
454 0 114 110
454 0 117 101
454 0 146 143
454 0 149 42
454 0 242 0
454 0 245 0
454 0 200 62
454 0 168 153
454 0 184 47
472 0 184 15
481 1 32 224
481 1 35 161
481 1 64 236
481 1 67 8
481 1 96 110
481 1 99 101
481 1 128 143
481 1 131 42
481 1 224 0
481 1 227 0
481 1 192 62
481 1 160 5
481 1 176 50
586 1 176 18
639 1 33 224
639 1 36 161
639 1 65 236
639 1 68 8
639 1 97 110
639 1 100 101
639 1 129 143
639 1 132 42
639 1 225 0
639 1 228 0
639 1 193 62
639 1 161 178
639 1 177 50
653 1 177 18
667 1 34 224
667 1 37 161
667 1 66 236
667 1 69 11
667 1 98 110
667 1 101 101
667 1 130 143
667 1 133 42
667 1 226 0
667 1 229 0
667 1 194 62
667 1 162 178
667 1 178 50
680 1 178 18
691 1 40 224
691 1 43 161
691 1 72 236
691 1 75 12
691 1 104 110
691 1 107 101
691 1 136 143
691 1 139 42
691 1 232 0
691 1 235 0
691 1 195 62
691 1 163 178
691 1 179 50
707 1 179 18
719 1 41 224
719 1 44 161
719 1 73 236
719 1 76 8
719 1 105 110
719 1 108 101
719 1 137 143
719 1 140 42
719 1 233 0
719 1 236 0
719 1 196 62
719 1 164 5
719 1 180 50
733 1 180 18
746 1 42 224
746 1 45 161
746 1 74 236
746 1 77 9
746 1 106 110
746 1 109 101
746 1 138 143
746 1 141 42
746 1 234 0
746 1 237 0
746 1 197 62
746 1 165 5
746 1 181 50
759 1 181 18
771 1 48 224
771 1 51 161
771 1 80 236
771 1 83 9
771 1 112 110
771 1 115 101
771 1 144 143
771 1 147 42
771 1 240 0
771 1 243 0
771 1 198 62
771 1 166 5
771 1 182 50
794 1 182 18
800 1 49 224
800 1 52 161
800 1 81 236
800 1 84 8
800 1 113 110
800 1 116 101
800 1 145 143
800 1 148 42
800 1 241 0
800 1 244 0
800 1 199 62
800 1 167 101
800 1 183 47
816 1 183 15
825 1 50 224
825 1 53 161
825 1 82 236
825 1 85 12
825 1 114 110
825 1 117 101
825 1 146 143
825 1 149 42
825 1 242 0
825 1 245 0
825 1 200 62
825 1 168 101
825 1 184 47
840 1 184 15
853 0 32 224
853 0 35 161
853 0 64 236
853 0 67 11
853 0 96 110
853 0 99 101
853 0 128 143
853 0 131 42
853 0 224 0
853 0 227 0
853 0 192 62
853 0 160 101
853 0 176 47
872 0 176 15
881 0 33 224
881 0 36 161
881 0 65 236
881 0 68 9
881 0 97 110
881 0 100 101
881 0 129 143
881 0 132 42
881 0 225 0
881 0 228 0
881 0 193 62
881 0 161 178
881 0 177 42
898 0 177 10
907 0 34 224
907 0 37 161
907 0 66 236
907 0 69 9
907 0 98 110
907 0 101 101
907 0 130 143
907 0 133 42
907 0 226 0
907 0 229 0
907 0 194 62
907 0 162 178
907 0 178 42
922 0 178 10
933 0 40 224
933 0 43 161
933 0 72 236
933 0 75 9
933 0 104 110
933 0 107 101
933 0 136 143
933 0 139 42
933 0 232 0
933 0 235 0
933 0 195 62
933 0 163 178
933 0 179 42
954 0 179 10
960 0 41 224
960 0 44 161
960 0 73 236
960 0 76 6
960 0 105 110
960 0 108 101
960 0 137 143
960 0 140 42
960 0 233 0
960 0 236 0
960 0 196 62
960 0 164 5
960 0 180 50
1013 0 180 18
1016 0 42 224
1016 0 45 161
1016 0 74 236
1016 0 77 8
1016 0 106 110
1016 0 109 101
1016 0 138 143
1016 0 141 42
1016 0 234 0
1016 0 237 0
1016 0 197 62
1016 0 165 153
1016 0 181 47
1038 0 181 15
1043 0 48 224
1043 0 51 161
1043 0 80 236
1043 0 83 9
1043 0 112 110
1043 0 115 101
1043 0 144 143
1043 0 147 42
1043 0 240 0
1043 0 243 0
1043 0 198 62
1043 0 166 101
1043 0 182 47
1094 0 182 15
1096 0 49 224
1096 0 52 161
1096 0 81 236
1096 0 84 9
1096 0 113 110
1096 0 116 101
1096 0 145 143
1096 0 148 42
1096 0 241 0
1096 0 244 0
1096 0 199 62
1096 0 167 6
1096 0 183 47
1119 0 183 15
1119 0 50 224
1119 0 53 161
1119 0 82 236
1119 0 85 6
1119 0 114 110
1119 0 117 101
1119 0 146 143
1119 0 149 42
1119 0 242 0
1119 0 245 0
1119 0 200 62
1119 0 168 178
1119 0 184 42
1199 0 184 10
